159138
159139
159178
159276
159279
159286
159654
172907
159153
159355
159357
159527
159529
159358
159359
159360
159377
159379
159391
161984
172905
159394
159656
159400
159421
159431
159432
159449
159471
159472
159483
159484
159485
159488
159489
159490
159491
159492
159494
159528
159495
159496
159497
159498
159499
159500
159501
159502
159503
161783
159504
159505
159156
159159
159160
159506
159507
159508
159486
159509
159510
159511
159512
159513
159514
159515
159516
159517
159518
159519
159657
172906
159520
159521
159522
159531
159524
156410
156421
156422
156427
156423
172863
156411
156412
156413
156414
156415
156417
162205
156418
156419
156424
156425
156426
156420
156468
156459
156460
156466
156473
162204
172864
156428
156461
161664
156429
161785
162173
156467
161665
156430
161787
156470
161850
156462
156457
161666
156431
161786
156432
161667
156433
156471
156434
156435
156450
159692
160252
159695
160253
156472
156438
156474
156469
156463
156453
156439
156440
156441
156442
161849
156443
161668
156444
156452
161788
161960
156445
156451
158553
156464
156446
156447
156465
156449
156448
156458
156788
156789
156790
156791
156792
156793
156794
156795
161954
162123
162085
156528
161119
156527
161872
160330
156524
159696
156521
156522
156525
156526
158092
158548
156477
158093
156478
161105
156480
156481
156510
156482
156483
156509
156484
156513
156485
156486
156487
156514
156488
156489
156490
156508
156492
156493
156494
161830
156495
156505
161831
156496
156497
156498
161832
156499
156512
156500
162254
156501
156502
161833
156503
156504
156506
156507
156516
156515
162086
162087
156543
156545
156547
156530
156531
156544
156532
156533
156529
156534
156539
156546
156542
156536
156537
156548
156535
156538
156555
156553
156554
156551
156552
156557
156549
156550
156556
156541
156540
162125
162126
162127
162128
162129
162130
162131
162132
162133
157844
156799
156519
158289
156562
161129
156564
156565
156621
156566
160539
160532
160555
156568
156622
156615
156569
156606
156570
156612
159697
156572
156573
156574
160563
160534
156576
156577
156617
156578
156579
156580
156581
156582
156618
159533
156584
156585
156586
156587
156588
156589
156591
156592
156593
156594
156595
156619
156597
156598
156616
156599
156600
158554
156607
156608
156609
156611
156610
156602
156613
156603
156604
156605
156620
156636
156716
156717
156637
156638
156639
162206
156640
156641
156642
156708
172903
156643
156644
156645
156646
156709
156650
156648
161134
156651
156721
156652
156653
156654
156655
156656
156715
161645
156647
172865
156657
156658
156659
156660
156711
156661
156662
156663
156664
156665
156666
156720
156667
156668
156669
156670
156671
156673
156674
156675
156676
156710
156677
156712
156679
156680
156685
156686
156681
172895
156713
156682
156683
156684
172896
156687
156722
156723
156688
156689
156690
158559
156691
156692
156693
156694
156695
156697
156698
156699
156700
172883
156701
158558
156703
156704
156705
156706
156719
156631
156632
156633
156634
156635
156777
157363
157346
157347
157359
157360
156731
156778
156724
156732
156785
162277
156754
156782
156781
156780
156725
156726
156733
156734
156736
156737
156738
156739
156741
172898
156743
156744
156745
156772
156775
156748
156749
156773
156759
156750
156751
156786
156752
156753
156776
160565
160572
156757
156758
156783
158560
156763
156764
158563
156767
156770
162053
156707
156784
161901
158028
157988
158547
156399
162175
161800
156400
159690
156402
162176
156403
156404
156405
156406
157365
162210
157364
156810
156818
160606
156803
156804
156805
156806
160605
160587
160595
156812
160609
156808
156809
156816
156817
156797
156811
160589
156800
156801
156728
172820
156827
159534
156823
156824
156825
156826
156828
156829
156830
156831
156832
156833
156834
156835
156836
156837
156838
156839
156840
156841
156842
156843
156844
156845
156846
156847
156848
156849
156850
156851
156852
156853
156854
156855
156856
156857
156858
156859
156860
156861
156862
156863
161903
161904
161697
161698
161699
161700
161701
161738
161759
161760
161763
161735
161736
161737
161739
161740
161743
161752
161756
161757
161762
161741
161742
161744
161745
161746
161747
161748
161749
161750
161753
161754
161755
161758
161761
161765
161766
162145
161751
162169
162170
162171
158172
158173
158174
158175
158177
158179
156895
156864
156889
156865
156867
156866
156883
156880
156890
156868
156884
156885
156870
156891
156892
161955
162088
156869
162174
156882
156894
162255
156877
156875
156874
156876
156886
156878
156879
156873
156893
156872
156871
156881
160656
156887
156888
156802
156820
156821
156898
156900
158300
156995
156822
156901
156896
161144
159535
156908
156980
156981
156909
156966
156910
159536
161862
156982
156984
156912
156913
156914
156915
156916
156917
156957
156967
157004
157005
156918
156919
157008
156920
156921
156990
159537
156923
156924
156997
156925
161703
161704
159700
157006
161730
156971
156972
161945
156904
156927
156928
159540
159538
161863
161946
156930
156931
156932
156989
156991
157001
156899
159539
156933
156934
156935
156936
156937
156938
156985
156940
158571
158575
158574
156973
156979
156942
156961
156943
156944
156993
156959
156945
156946
156947
156960
172781
172782
172783
172784
172785
157007
156948
156949
156950
156951
157003
156983
156952
156962
156963
156998
156964
156953
156954
156965
156986
156987
156955
156999
157002
156956
156994
157027
157035
157036
157012
161899
157015
157026
161669
161670
157024
157037
157038
157017
157011
157016
157030
157028
162041
161671
157029
157021
159711
160657
157031
157020
161672
157018
157019
157022
157009
157010
161854
161855
157023
157032
157033
161673
157034
161674
157025
157040
157044
157045
161731
159541
157041
157042
157043
157180
157181
157182
157217
157183
157184
157185
157186
157188
157189
157190
157191
157192
157193
157214
157218
157195
157196
157216
157197
157198
157199
157200
157201
157202
157203
157204
157215
157221
157205
157206
157207
157208
161956
157209
157210
157211
157212
157213
157321
157325
157301
157302
157327
157303
157328
157304
157329
157305
157330
157306
157307
157337
157308
157331
157335
157336
157317
157332
157333
161844
157322
157310
161947
157319
157324
157309
157315
157342
157318
157338
157312
157314
157339
157313
157326
157343
157340
162089
161637
158578
157171
157052
157177
158580
157055
157056
157057
157058
157060
157061
157062
157063
157139
158582
157065
157167
157068
157169
157069
157070
157071
157072
157173
157074
158584
157076
157078
157156
157157
157079
157080
157081
157179
157083
157084
157085
157086
157088
157089
161638
157142
157147
157164
157166
157148
157149
157150
157155
157158
162267
157093
157094
157097
157174
157159
157160
157161
157162
161951
161952
157175
157100
157103
162201
157176
157163
157104
157105
157106
157107
157108
157110
157112
157151
157152
157172
162090
161639
157115
157117
162091
162092
162093
162094
172884
172885
162188
157154
157118
157119
157120
157178
157137
157138
157121
157122
157143
157124
157128
157145
157131
157132
157133
157134
157141
157135
159095
159096
159097
159122
159123
159108
159109
159098
159099
159101
159120
159114
159102
159103
159111
159119
159106
159117
159115
159112
162193
159118
159121
159116
159104
159113
161799
159105
157298
157280
157281
157297
157283
157282
157284
157285
157287
162189
161845
157299
157300
161846
157294
157289
157290
157291
157295
157292
157293
157296
157255
158320
157256
157278
157257
157258
157259
157260
157261
157262
157275
157264
157265
157266
157267
157269
157268
161734
157271
157276
161950
172866
172867
157272
162237
159717
157273
157274
157223
157248
157224
157225
157226
162138
157243
157227
157228
157229
157230
157246
157231
157232
157233
157234
161841
162143
162144
157235
157247
162071
157244
157245
157236
157237
157238
157239
157241
157242
157249
157250
157252
157251
157253
157254
172829
161676
161677
172868
157529
157564
161678
161679
161851
157530
157531
157532
157533
157534
157535
157536
157537
157538
157554
157555
157539
157556
161680
157540
157558
157541
157542
161852
157543
157544
157551
158658
157545
157546
158657
157548
161681
161682
157563
162190
162191
157557
157552
157549
157561
157550
157559
157553
156571
156575
161159
172830
157568
157569
157570
156583
157572
157573
157634
157575
161158
162220
157577
157578
157579
157580
157581
157582
157583
157630
157584
157585
157586
157587
157588
157589
159543
157591
157592
157593
157594
157595
157596
157597
157598
157599
157600
157601
157635
157602
157605
172869
157606
157607
157608
157632
157609
157611
157631
157612
157613
157614
157615
157616
157617
157619
157620
157636
157623
172792
157624
157625
157565
157627
157628
157629
157633
157397
157396
159128
158155
158550
158131
157849
157366
156456
157368
157369
157370
157371
157372
159722
157374
157375
161829
157401
157376
157398
157399
159752
157378
157379
157380
157392
162140
157394
158586
157382
157383
157384
157385
157386
157391
157387
157388
172786
157389
157390
157395
158338
158345
157850
161911
161959
157513
161151
157484
159766
157514
160704
159542
159780
160726
157525
161636
157509
157487
157508
157519
161856
157516
157517
157488
157489
157490
157491
157492
157493
157518
157494
157495
157496
157512
157497
157510
157498
157499
161957
161958
158655
157501
162095
157502
162159
157503
157504
157505
162096
162160
162097
157506
157507
157452
157459
157470
157473
157641
157642
157643
157644
157645
157648
157649
160727
157651
157652
157402
157403
157404
157405
161675
157406
157408
157409
157410
157411
157412
157413
157414
157415
157416
157477
157478
157417
157418
157419
157420
157421
157422
157423
157424
157425
157466
157472
157426
157471
172862
161797
157427
157428
157481
161853
157429
157430
157431
157432
158587
158598
158602
157436
157437
157438
157439
158640
157469
157468
158608
157441
158611
157443
157480
157479
158612
157445
157446
158641
157447
157474
157448
157449
157450
157451
158613
157453
157475
157464
157454
157455
157456
157457
157458
161798
157460
157461
157462
157851
156475
156476
157875
156479
156520
156523
158380
158381
157766
157853
157767
157834
161160
157769
157770
157771
157772
161921
157857
157836
157826
157827
157859
157860
157773
157828
157831
157838
157837
157846
157867
157774
157848
157861
157775
157776
157777
157778
157779
157780
157781
157782
157843
157847
157783
157864
157866
157784
157823
159785
157785
157786
157845
157863
157830
161502
157787
157788
157789
157829
159784
157791
157792
157868
160730
157793
157794
157795
157796
161834
161835
161836
157797
157835
157798
157799
157800
157801
157802
157803
157858
157804
157805
157824
158712
157807
157808
157840
157841
157811
157812
157813
157814
157815
157825
157817
157833
157818
157819
157842
157852
157856
157855
157820
157839
157821
157822
157755
157757
157715
157714
157730
157653
157701
157654
157655
157656
157657
157658
157659
157660
157661
157662
157663
157712
157664
157727
157665
157666
157667
157668
157669
157670
157708
157720
157671
157737
157738
157739
157740
157746
157747
161790
172899
161683
157713
157728
157702
157749
159783
160728
157745
157733
160729
157674
157706
172859
157677
157678
157679
157709
157732
157748
157675
157676
157741
162203
157752
157680
157681
157710
157683
157684
157685
157686
157719
157744
161684
161685
157735
157734
157736
157742
162098
161686
157687
157688
157743
158704
157697
157698
157699
157700
157703
157718
157729
157689
157690
157721
157722
157695
161687
157696
157723
158666
157704
157705
158703
157693
157694
157711
157717
157716
157936
157937
157928
157944
157870
162110
162111
157871
157881
162109
157872
157926
157948
162004
157874
161168
157869
157876
157877
157924
157878
157879
161963
161964
157880
161916
157945
157946
157929
157882
157883
162207
157884
157885
157886
157887
157888
157889
157890
157891
157892
157938
157893
157894
157895
157896
157921
161965
157922
161705
161873
157897
157934
161789
157898
157899
162003
157901
157935
157900
157925
158718
157902
157933
157927
161966
161967
172857
157903
157904
157905
157941
157906
157907
157908
157909
157910
157911
157912
157932
157913
157914
157930
157915
157931
157939
161968
162141
157923
162142
157916
157917
157918
157919
157940
157920
162032
157942
172840
158407
158462
172870
172871
158181
158208
158182
158749
158184
158185
158186
158187
158188
158189
172805
172804
172803
158753
158191
158192
172886
172887
172888
172889
172890
172891
172892
158193
158194
158195
158196
158207
158197
158198
158756
158200
197495
158201
158202
158203
158204
158206
158326
157361
157362
157367
157355
157345
161775
157344
159721
160693
157348
157354
157353
157349
157350
157351
157356
157358
157373
157979
159133
159134
159136
157976
159141
159143
159148
157953
157966
157971
157969
159137
157955
157975
160731
157957
157961
157963
157964
157965
157977
157967
157968
157978
157983
157974
157972
157973
157995
162178
162182
157996
161657
162177
161658
161659
162179
161660
161661
161662
161663
161839
162181
162180
161840
157991
158720
157990
157992
157993
157994
157997
157998
172911
158029
161186
162221
158025
158031
164587
158026
158030
158024
158027
162084
162073
162074
162075
162076
162077
162078
158032
162079
162080
162081
162082
162083
158734
158735
161912
162005
162006
162009
162010
162011
162050
161913
162251
162252
162007
162012
162013
162014
162008
158091
157943
158142
158141
158150
158096
158143
161187
158094
158095
158097
161641
161642
158098
158099
158153
158100
158101
158104
158103
158102
158105
158106
158145
158107
158108
158109
158110
158111
158112
158113
158114
158148
158115
158117
158118
158149
158119
158120
158121
158152
158122
158124
158151
158126
158127
158146
158128
158721
161934
158132
158133
158134
158135
158125
158136
158147
158137
161923
158138
158140
162054
158139
158144
158209
158210
158211
158212
158213
158214
158215
158216
158218
158219
158220
158221
158222
158223
158757
158225
158226
158227
158350
158349
159787
158346
158347
158348
162162
162161
161969
162156
161970
161857
161858
161859
161860
158171
158154
158744
158156
158158
158159
158160
161936
161937
161938
161993
161939
161940
161941
161942
161943
161944
161961
161962
158165
162137
161910
158429
158438
158352
158353
158442
158447
158355
158356
158453
158357
158439
158446
158358
158359
158360
158361
158362
158423
158363
158451
158364
158365
158426
158366
158367
158368
158370
158371
158452
158455
158454
161914
158373
158374
158375
158376
158377
158378
161804
161805
158379
158414
159788
160733
158351
158382
158416
158383
158384
158385
158386
158448
161919
172819
158420
158387
158428
158431
158388
158389
158390
158391
158392
158393
158444
158396
158397
158417
158398
158434
161791
158399
172818
158400
158408
158445
162042
158401
172817
162055
158440
158412
158403
158449
158404
161907
161806
158413
158405
158441
158411
158425
158406
158801
158418
158422
158409
158415
158419
158421
158430
158228
158230
158231
158232
158233
158237
158234
158235
162164
158236
156511
158557
156517
157482
156558
157483
157520
157515
157500
157521
157511
172904
158564
158565
158566
157485
157486
158467
158551
161213
161223
158469
158471
158472
158473
158474
158475
158549
158561
161646
158476
158477
158478
158545
158479
159791
160734
158577
158461
160755
160758
160762
160763
158481
160739
160769
158579
158483
158484
158485
158486
158488
158490
158562
158491
158492
158493
158494
158495
158500
158502
158460
158569
172831
162208
158503
158504
158505
158506
158507
158508
159789
162222
159792
160768
158510
158511
158555
158512
158513
158514
158515
161975
158516
158517
158518
158802
158519
158542
158804
162100
158829
158830
158831
158841
158856
158844
158857
158847
158527
158849
158529
158530
158531
158850
158851
158853
158855
158536
158537
158570
158567
158568
158538
158539
158573
158556
158456
158457
158458
158459
158642
158646
158647
158651
161732
158643
158645
158648
158649
158650
157950
156807
158708
161244
158659
158716
158660
158656
158661
159547
159548
158663
158664
159545
158725
161643
158667
158723
158713
158669
158670
158671
158722
158672
158673
158724
158727
158706
158674
158728
158675
158653
158676
159848
158652
159546
158705
158732
158677
160797
158715
158726
158678
158719
158654
161529
158729
158707
161847
158730
158731
158680
158682
158683
158684
158685
158686
158687
158688
158689
158690
158691
158692
158693
158709
158717
158695
158696
158697
158711
158698
158699
158863
158701
158702
158714
158738
158739
158741
158742
158740
162209
158746
161257
158743
160798
158755
158752
158748
158877
158754
158751
158787
161837
162038
161729
162037
158783
161768
161769
158790
158784
158785
158791
158792
158788
158786
158789
158793
158794
162211
161838
162275
162052
162051
162036
157522
157547
157560
157566
158762
158763
158764
158765
158766
158767
160799
158782
158769
158770
158771
158772
158773
158775
158776
158777
158778
158779
158780
172877
172878
162268
162269
162270
172879
172811
172880
162271
172812
156730
162113
162114
157951
158166
158816
158839
161258
162118
158803
158838
158840
160800
158842
158836
158805
158806
158807
158808
158837
158810
158814
158809
158817
158818
158819
158820
158821
158822
158823
158796
158824
158825
158826
158827
158828
158797
158880
158881
158882
158833
158834
162056
158835
156601
158848
156756
156907
158464
156755
156623
156813
156624
158890
158895
159549
158854
159552
159553
159554
159556
158862
158861
159572
158864
158866
158893
158867
158894
158868
161979
158869
158870
158871
158872
158873
158865
158898
158900
158874
156906
158845
158875
158876
158901
158888
158878
158879
158889
158896
158897
158892
158883
158884
172780
158885
158886
158899
157567
157571
157576
157590
158906
158911
158912
158465
159850
162172
158926
158924
158919
158929
158928
158922
158923
158913
158914
158927
158930
156815
158942
161260
160814
158940
158937
158938
159599
158932
160801
158933
158935
158014
158000
158013
158022
158001
158002
158003
158005
158006
158007
158008
158012
158009
162112
158015
158023
158016
158017
158018
158019
158020
158021
172901
157999
158010
158011
156627
156626
156628
159038
162200
162276
172872
172875
172873
172902
172874
162223
162224
158950
158951
158952
158953
158954
158955
158956
158957
158958
158961
158962
158180
158183
158546
156397
156398
156559
158969
159026
161261
158971
159032
158973
158974
158975
158976
159028
159033
158977
162229
158979
158980
158983
158978
161980
161981
158982
162139
158984
158985
158986
158987
160843
160848
158990
158991
158992
156401
156454
158994
158995
158996
158997
158998
158999
159000
159001
159002
159003
159004
161728
159897
156408
156436
159008
162157
159009
158902
159012
158943
159031
158903
159014
159027
158904
158905
158915
158916
159019
158931
158936
158939
158941
159035
159024
159025
159034
162213
162265
162212
162266
172897
156560
157637
159140
161874
158468
161321
159142
205860
159131
160866
159157
159127
160864
160867
159154
159129
159150
159151
159132
160865
159144
159926
159155
161583
159135
159145
159146
159951
159147
159877
158947
159255
159298
159256
159254
159257
159258
159259
159260
159261
159262
161917
159263
159264
159296
159265
159266
159307
159308
159252
159267
159268
159269
159270
159311
159315
159271
159272
172851
159273
159291
159274
159316
162134
159275
159317
158965
159306
159313
159293
162195
159277
159303
159278
159314
172808
159280
159305
172809
159281
159318
161918
159282
159283
159284
159297
159319
159320
159292
159294
159285
158967
159299
159300
159287
159295
159312
162194
159288
159289
159290
159304
158034
158035
158036
158037
158038
158057
158060
158039
158061
158040
158041
158042
158043
158044
158045
158046
158047
158048
158049
158050
158053
158056
158062
158054
158055
158052
158058
158063
158059
158963
159166
159167
159168
159169
159170
159161
159171
159172
159162
159163
159164
159165
159173
159174
159175
161807
161821
161822
161823
161824
161809
161808
161810
161811
161812
161813
161814
161815
161816
161817
161818
161819
162101
162214
161820
161826
158964
159179
159180
159181
159249
159182
159251
159186
159187
159190
159191
159192
159193
159194
159195
159196
159197
159198
159200
159202
159203
159204
159206
159207
159248
159211
159213
159246
159245
159217
159239
159219
159218
159242
159220
159221
159222
159224
159225
159226
159227
159228
159229
159230
159231
159238
159232
159233
159234
159236
159237
159247
172855
172854
172853
172852
172788
162256
162257
172790
162259
162260
162261
162262
172791
172806
172807
162263
156729
158463
157949
158601
161487
161688
158607
159544
158630
158631
158632
161928
161929
159809
158629
158585
172842
158610
158605
159813
160794
160795
158633
158588
160796
161689
161690
158859
158589
158590
158591
158616
161930
161931
161932
161933
161978
161977
158624
158625
158626
158627
158860
158606
158599
158593
158594
158595
158596
158600
158603
158597
158623
158079
158080
158065
158066
158067
158081
158083
158084
158069
158070
158071
158072
158073
158074
158075
158076
158077
158078
158085
158087
158088
158089
158090
158086
158064
159321
159322
159326
159330
159331
157638
157639
157640
157650
159361
159362
159363
159375
159364
160868
159365
159376
159366
159367
159372
159368
161924
159373
159374
159369
162158
159370
159371
162225
162227
159478
159479
157672
159480
159481
159474
162230
160871
162250
159475
159473
157956
159345
159347
159332
159356
159333
159334
159346
159348
159350
159343
162272
159336
159353
159354
159341
162274
159351
159352
159344
159378
159426
156926
158205
159447
161322
159387
159380
159381
159382
159384
159383
159438
159433
159390
159392
172913
159420
159422
159434
159424
159385
159952
159984
159395
159428
159429
159430
159423
159425
159393
159468
159419
159388
159389
159427
159413
159414
159435
159415
159459
160869
159440
159466
162057
159439
159398
159397
161983
159448
159399
159386
159467
159396
159418
158968
159401
159402
159403
159404
159405
159436
159406
159407
159446
159441
162196
159442
159443
159416
159437
159445
162165
158970
159450
159451
159452
159453
159454
159455
159456
159457
159458
159409
159408
159410
159411
159412
159444
172850
157377
158480
159550
159551
159525
161325
159993
159555
159526
159557
161871
160873
160882
159645
162166
159648
159649
159558
159559
159560
159561
159562
159650
159563
159564
159565
159566
159567
159629
159568
159569
159570
159628
159571
159914
159575
159581
159635
159582
159583
159655
159585
159586
159587
159588
159589
159590
159591
159631
159633
159637
159593
159594
159596
159597
159632
159598
158988
158989
159601
159602
159603
159604
159605
161998
159606
159607
159608
159609
159652
162197
159613
159614
159615
159616
159617
159618
159647
159658
159619
159620
159621
159625
159626
159627
159659
159660
161870
159661
159664
159663
157673
172876
159718
159719
159720
160031
159716
157980
156561
158482
156518
157981
161648
162115
159693
159667
159686
159687
159668
159669
159670
159671
159691
160897
159638
159672
159673
160028
159674
159675
172908
159676
159677
161647
159678
159679
159680
159681
159682
159683
162167
162198
162124
159684
162039
159685
159694
159712
159714
161327
161328
159699
161935
158993
159701
159702
159703
159704
159705
159706
159707
159708
159709
162040
159710
159715
160129
160131
160132
160133
160134
160135
160136
160137
160138
160139
160140
160142
160143
160144
160168
160145
162146
160146
160147
160167
160164
160166
160149
160150
160151
162147
162148
162149
162150
162151
161864
161868
160154
160155
160156
160157
160158
160159
172810
160160
160161
160163
159934
159913
158224
161922
159939
162231
161335
159916
172832
159918
159919
159920
159943
159944
159921
162264
159922
159940
159941
162273
159945
159923
159942
159924
159935
159936
159006
159937
159928
159929
159930
159938
159933
159007
159927
159931
159946
159932
159005
159723
159724
159730
159729
159733
159732
159728
161825
159727
159726
159725
159731
159739
159773
159740
159738
159775
159750
159741
159768
159769
159770
162232
161915
159767
159742
159743
159744
159745
159771
159737
159736
159746
159747
159748
159749
161691
159751
160035
160915
159734
159753
159755
159756
159757
159758
161792
161793
159759
159760
162043
162044
162045
159772
159761
161692
161693
159762
162199
162202
159763
159764
159776
159765
159777
159774
156970
157051
161621
161619
156974
156929
156941
159864
159907
161622
156976
156977
159861
156988
159862
157013
159865
161594
161595
161585
159790
159871
159778
156992
162022
157000
159866
159793
159873
159796
159797
159800
159801
159804
159805
159806
159807
159808
159810
159811
159812
159802
159814
159849
159815
159816
159817
159818
159903
159885
161869
159819
159820
161985
159821
159822
159904
159823
159905
159906
159886
159824
159825
159826
159827
159828
159891
159896
159892
159863
172858
159831
159833
159834
159835
159836
159837
159838
159839
159856
159840
159858
159879
159908
159894
159895
159882
159872
159851
159854
159880
159883
159853
159867
159868
159881
159843
159857
159889
159890
159844
159909
159910
159875
159876
159888
159887
159893
159845
159846
159899
159901
161620
159912
172849
159779
159900
159902
159874
160172
160174
160169
160170
161629
160171
160173
159961
159962
160032
160033
160018
160027
159963
160021
162069
159964
159958
159965
159966
159967
159968
160010
159969
159970
172843
159960
159971
159972
159973
159974
159975
159976
159977
160011
160015
160012
162116
160013
172844
159978
160022
159979
159980
160020
160006
159981
159982
159983
160019
160037
160921
160948
160005
159985
159986
159987
159988
161987
161988
172789
159989
159990
159991
160026
159992
159011
160009
160023
160024
159994
160016
159995
159996
160029
159997
160014
159998
160025
159013
159999
160000
160001
160007
160002
160003
160017
161253
159070
161245
161246
161247
161252
161249
161248
161251
161250
156762
156765
160038
160039
160040
161876
160041
160042
161340
159639
159640
159641
160046
160047
160048
160049
161877
160050
160051
160052
160053
160036
160054
160085
160090
160056
160080
160081
160034
161584
160057
160058
161773
160059
160061
160082
160083
160062
160063
160064
160065
160077
159015
160067
160086
160069
160070
160073
160074
160075
162058
160076
156902
160117
160092
160093
160106
160094
160107
159643
160108
160096
160105
160097
160098
160099
160118
160101
160102
160103
160116
160109
160110
160111
160112
160113
160114
160115
160104
162168
157691
159950
160920
159953
159954
159947
159955
159957
159956
160119
160120
160121
160122
160123
160124
160125
160126
160127
160128
160210
160211
160212
160213
160214
160215
157381
157393
172848
160342
161880
160218
157400
157433
162215
161878
161879
157725
160222
172847
157434
160224
160225
160348
160226
172845
160227
160228
160341
160229
160377
160477
160378
160478
160379
160479
160380
160480
160230
160385
160482
160386
160483
160387
160484
160388
160485
160232
160233
160492
160405
160493
160406
160494
160407
160495
160491
160234
160235
160497
160411
160498
160412
160499
160413
160500
160496
160236
160237
160502
160417
160503
160418
160504
160419
160505
160238
160423
160507
160424
160508
160425
160509
160426
160510
160239
160240
160512
160399
160513
160400
160514
160401
160515
160431
160517
160432
160518
160433
160519
160434
160520
160439
160522
160440
160523
160441
160524
160442
160525
160521
160242
160278
160279
160354
162020
160355
161989
160356
160357
160358
160347
160359
160360
160361
160349
160448
160362
160371
160363
160372
160364
160450
160365
160366
160367
160368
160346
162217
160373
160375
161881
161649
162216
160243
160345
161375
160245
160246
160247
160343
160344
160248
160249
160250
160981
160044
160256
160350
160257
160351
160254
160258
160259
160255
160352
160381
160262
160263
160389
160390
160265
160266
160408
160409
160410
160267
160268
160414
160415
160416
160269
160270
160420
160421
160422
160271
160272
160427
160428
160429
160430
160273
160274
160402
160403
160404
160275
160435
160436
160437
160438
160443
160444
160445
160446
160276
160277
160280
160281
160282
160283
160452
160284
160286
160287
160353
172846
160290
160291
160292
160293
160294
160310
160295
160296
160297
160298
160449
160300
160301
160302
160303
160304
160451
160305
160306
160307
160308
160309
162117
160311
160313
161882
161650
162233
160314
160315
160316
160317
160319
160320
160321
160043
160952
160322
160323
160324
160325
160327
160328
160329
159017
160331
160332
160333
160334
160336
160337
160453
160338
160455
160456
160457
160458
160459
160460
161889
161890
161888
160461
160462
160463
160464
160465
160466
160467
160468
160469
160470
160471
160472
160473
160474
160475
161887
162102
161883
162234
162059
160339
160340
160376
160203
160191
160192
160200
160202
160193
160194
160195
160204
160196
160205
160197
160198
160199
160206
162235
162236
172900
160528
160526
160527
160529
160530
161634
161635
161617
161771
160660
161709
161710
161708
160662
161633
161004
160604
160659
161711
161712
160608
160655
161618
161906
161713
161714
161715
160661
161716
161717
161718
161719
161721
161908
161723
161724
161725
161726
161727
160613
160614
160615
160652
160616
161905
161885
161886
160617
160618
160619
160622
160623
160653
160654
160624
161884
160625
160626
160627
160631
160632
159020
160628
160630
162060
160635
160636
160637
160658
160638
160639
160640
160641
160642
160643
160644
160645
160646
160647
160648
160649
156779
160538
158509
161706
160531
156819
160536
160588
160537
172821
160540
160559
172833
172834
160603
161275
160541
160542
160596
160543
160544
160545
160546
160547
160549
160550
160551
160552
160553
160554
160592
159651
160556
160557
160558
160560
160561
160590
160533
160045
159653
160600
160986
160601
160564
161990
159665
160566
160567
160568
160598
160569
160570
159018
160573
160574
160575
160576
161867
161865
160535
160577
160602
160578
160579
160597
160691
160673
160666
162238
160667
162239
160695
161991
162240
160696
160668
162241
160694
162242
160676
162243
160677
162244
160678
160679
160690
162245
160680
162246
160681
160698
160682
160683
160684
160685
159021
162247
160686
160687
160688
160689
160675
162248
160672
162249
160674
160692
160671
161891
161892
161893
161894
162049
161895
161896
162046
161897
162061
162047
162062
161898
162027
162028
162029
162030
162063
162064
162031
162065
162066
162019
160700
160701
160702
160849
160860
160861
160850
160857
160851
159689
160852
160853
160854
161866
161996
160859
160855
160856
172814
172816
162105
160858
172813
172893
172894
157053
161651
157726
158520
172910
156563
157753
157435
157754
157759
172836
160770
160771
161008
160735
160736
160737
160738
161013
160740
160741
160742
160772
160743
160744
160745
160746
160747
160748
160749
161025
161034
161948
160750
160751
160752
160753
160754
159666
160756
160757
160088
160759
160760
160761
161652
159023
159029
160764
160765
160766
160767
160774
160790
160775
160776
160777
160778
160779
160780
160781
160782
160783
160784
160785
160773
160786
160787
160788
160789
156796
156625
156649
160845
156798
160839
160840
156702
160836
156714
156727
160834
161385
160802
160844
160804
160805
160806
160807
160808
160793
160809
160791
160792
160842
160810
160847
160811
160812
161994
160813
160816
160817
160818
172822
160838
161784
172856
160819
160820
160821
160835
160822
160823
162103
162104
160824
161995
160826
160827
160828
160829
160830
162153
161702
160832
160833
160841
156407
158190
157760
158252
158552
162017
156567
160870
160911
161388
160872
156437
160874
160875
160876
160878
160879
160880
162070
160881
160091
160883
160884
160914
160885
160862
160886
160887
160889
160890
160891
160892
160893
160894
160895
161035
160898
160899
160888
160900
160913
160919
160901
160902
160903
160904
156455
160916
160905
160906
161644
160907
160908
160909
160910
160912
160918
157761
157762
160924
160925
160933
160930
160931
160928
160929
160932
160934
157982
158521
160949
160950
160951
161389
160953
160954
160955
160956
160957
160958
160959
161032
160960
161024
161022
161023
161026
160961
160962
160963
161828
160964
160965
160947
172881
160966
160967
160968
160969
161033
160971
160972
160973
160945
160974
160975
160976
160946
160977
160978
160979
160980
160095
160982
160943
162067
160983
160984
160985
159030
160987
161019
161021
160988
160989
160990
160944
160991
160992
172860
160994
160995
160996
161027
160997
160998
160999
161000
161949
161001
161002
161003
159039
161005
161006
161007
161028
172861
159040
161009
161010
161011
161030
161012
159041
161014
161015
161017
161018
161029
160703
159022
160705
160706
160707
160708
160709
160710
160711
160719
160712
160721
160713
160720
160714
160715
160716
160717
160718
158466
157952
172815
172835
156922
159084
161605
161384
159045
159077
159046
159925
159092
159082
159093
159090
159915
159094
159898
159071
172909
161065
159047
159049
159050
159051
161606
161607
161780
161608
159054
159055
160004
159600
159080
159048
159056
161610
159057
161609
161611
161612
159076
161616
161614
161613
161782
161615
159058
159073
159085
159087
159086
161707
159059
159060
159061
158946
159063
159064
161992
159068
159069
159088
159081
159065
159067
159083
160935
160936
160937
160938
160939
160942
160940
161653
161654
160941
157440
161136
161117
162218
162219
161116
161118
161114
161115
162253
161135
160209
161084
161120
161131
161132
161920
172823
161121
161143
161130
161142
161141
161124
172824
161126
161122
161123
161137
161796
161140
161125
161127
161128
161139
161138
161133
158522
161055
162226
162228
161110
161111
157764
157763
161103
158523
161405
161112
161113
161039
161082
161080
161042
161104
161081
161078
161091
161092
161083
161079
161095
160207
161098
161099
161085
160208
161101
161801
161802
158525
161167
160216
161162
161163
161164
158524
161155
161146
161147
161148
161150
159042
161953
161152
161145
161153
161157
161154
161149
161156
158248
158240
162155
158244
158246
158247
157075
161324
161320
160220
161086
161326
161323
161319
161370
161486
172825
172826
161371
161372
161373
161169
161421
162119
162120
160217
161170
161171
161172
161173
161174
161175
161176
161177
161178
161179
161180
161181
161182
161183
161215
159062
161184
161185
159043
159044
161221
161188
161189
161190
161191
161192
161193
161194
161195
161196
161197
161198
161222
161199
161200
161201
161202
161203
161204
161205
161218
161219
161214
161206
161207
161208
161209
161217
161210
161220
161211
161212
157985
157064
158528
158271
161303
161423
161262
161265
161266
161306
161268
161304
161269
161255
161270
161310
161314
161767
161315
161256
161288
161316
161317
161271
161272
161997
161273
161274
160219
161286
161267
161287
161276
172912
161289
161277
161278
161279
161280
161281
161282
161283
161300
161302
161311
161284
161285
161307
161290
161254
161291
161293
161296
161298
161309
161224
161225
161226
161227
161228
161237
161240
161241
161229
161230
161231
161232
161233
161234
161235
161238
161236
161239
161242
161243
157765
157768
161329
161330
161331
161332
161333
157790
157806
161336
161337
161338
161339
161087
161341
161342
161343
161344
161345
161346
161347
172839
161348
161349
161350
161351
161352
161353
161354
161355
161356
161357
161359
161360
161361
161362
161925
161926
161927
161363
161365
161366
158250
158251
159786
158253
158254
158255
158288
158257
160732
158258
158260
158274
161909
161794
161803
158276
158261
158278
158262
158263
158279
158280
158285
161795
158264
158265
158266
158281
158282
158267
158287
158268
158283
158269
162099
158259
158760
158272
158273
161367
161368
158318
158290
158291
158292
158293
158294
161861
158295
158296
158319
158298
172841
158299
158761
158316
158301
158302
158305
158303
158304
158306
158307
158308
158309
158310
158297
158311
158312
158313
158317
158314
158315
157277
161376
161377
161378
161427
161779
161655
161656
158322
158323
158341
162024
162025
162026
162068
158325
158799
162184
161971
162183
158327
158328
158329
158330
162033
158331
158343
158342
162034
158332
158333
158334
162035
158335
161972
158336
158337
162186
161973
162185
158243
158800
158768
158239
162192
161974
162154
162163
158339
158340
158344
162016
161473
161433
161483
161436
161467
161469
161463
161429
161430
161431
161432
161462
161464
161480
161481
161478
161435
161484
161434
161438
161441
161474
161440
161439
161442
161468
161443
161444
161475
161476
161477
172882
161694
161695
161696
161848
162106
161479
161445
161446
161448
172828
161471
161472
161482
161449
161097
161465
161466
161451
161452
161453
161454
161455
161456
161457
162023
161458
162018
162187
162107
162108
162152
162015
161459
162121
162122
161460
161461
161470
157442
157444
161390
157832
161391
161392
158526
161424
161393
161394
172827
161426
161395
161425
161422
161450
161397
161398
161399
161400
161401
161402
161403
161404
161093
161406
161407
161408
161380
161381
161774
161409
161410
161411
161414
161415
161386
161387
160221
161088
161416
161417
161418
161419
161420
161379
159091
159016
160176
160177
160178
160179
160180
160186
160185
161843
160181
160187
160188
160190
161640
160182
160183
162072
157279
161485
161498
161507
161494
161999
162000
162001
162002
161496
161492
161493
161504
161495
161503
161566
160223
161517
161515
161575
161510
161576
161518
161519
161520
161509
161521
161569
161522
161523
161559
161560
161512
161525
161526
161527
161565
161528
161513
161514
161571
159107
161532
161550
161561
161562
161563
162048
161534
161535
161536
161538
161539
161540
161541
159126
161543
161564
161544
161545
161546
161547
161548
161558
161552
161553
161554
161570
161530
161557
161556
161555
161573
161572
157986
172837
172838
158199
161597
160244
161100
161581
161586
161587
161588
161580
161579
161827
161577
161589
161590
161582
161591
161578
161976
161593
161592
161596
161603
161604
161598
161599
161733
161600
161601
